# Created by Octave 4.0.3, Sun Jun 18 23:54:15 2017 PDT <quentintruong@Quentins-Air>
# name: w
# type: scalar
5


